version https://git-lfs.github.com/spec/v1
oid sha256:e9e78abdf65d6d449ffc8d6c1106c3a690ff0cdef8b3c528a7765dc748c6c275
size 211742
